       N       E                     dE             d eps       ncg     rms          rms(c)
DAV:   1     0.291068860359E+01    0.29107E+01   -0.85020E+03  9120   0.939E+02
DAV:   2    -0.127432589386E+02   -0.15654E+02   -0.15489E+02 11232   0.706E+01
